10300009    10300009    000005 0717095053 6292140008662999    000000010000 000000000000 000000000000 0210 000000 5691 19000804 190110000000636 379500953198 00 604714 10300009    000000 00 051 000000000000 000000000000 000000000000 1                                                                   
10300009    10300009    000007 0717095139 6292140008662999    000000010000 000000000000 000000000000 0210 200000 5691 19000804 190110000000636 379500953198 00 604714 10300009    696165 00 051 000000000000 000000000000 000000000000 1                                                                   
10300009    10300009    000011 0717101749 6292140008662999    000000010000 000000000000 000000000000 0210 000000 5691 19000806 190110000000638 629171049198 00 593673 10300009    000000 00 051 000000000000 000000000000 000000000000 1                                                                   
10300009    10300009    000013 0717101827 6292140008662999    000000010000 000000000000 000000000000 0210 200000 5691 19000806 190110000000638 629171049198 00 593673 10300009    697244 00 051 000000000000 000000000000 000000000000 1                                                                   
10300009    10300009    000020 0717113752 6292140008662999    000000010000 000000000000 000000000000 0210 000000 5691 19000806 190110000000638 301371152198 00 192704 10300009    000000 00 051 000000000000 000000000000 000000000000 1                                                                   
10300009    10300009    000022 0717114533 6292140008662999    000000010000 000000000000 000000000000 0210 200000 5691 19000806 190110000000638 301371152198 00 192704 10300009    700341 00 051 000000000000 000000000000 000000000000 1                                                                   
10300009    10300009    000029 0717115345 6292140008662999    000000010000 000000000000 000000000000 0210 000000 5691 19000806 190110000000638 473531145198 00 892734 10300009    000000 00 051 000000000000 000000000000 000000000000 1                                                                   
10300009    10300009    000031 0717115827 6292140008662999    000000010000 000000000000 000000000000 0210 200000 5691 19000806 190110000000638 473531145198 00 892734 10300009    701007 00 051 000000000000 000000000000 000000000000 1                                                                   
10300009    10300009    000254 0717130246 6292140006489007    000019950000 000000000000 000000000000 0210 000000 5944 19000581 190110000000421 095021346198 00 107353 10300009    000000 00 051 000000000000 000000000000 000000000000 1                                                                   
10300009    10300009    001353 0717135350 6292140005412042    000000165000 000000000000 000000000000 0210 000000 5411 19000131 190110000000083 680531350198 00 399008 10300009    000000 00 051 000000000000 000000000000 000000000000 1                                                                   
10300009    10300009    000018 0717140622 9503120250037347    000000010000 000000000000 000000000000 0210 000000 5691 19000804 190110000000636 814061422198 00        10300009    000000 00 051 000000000000 000000000000 000000000000 1                                                                   
10300009    10300009    000030 0717142553 9503120250037347    000000010000 000000000000 000000000000 0210 200000 5691 19000804 190110000000636 814061422198 00        10300009    706591 00 051 000000000000 000000000000 000000000000 1                                                                   
10300009    10300009    000301 0717145118 9503120250037347    000000250000 000000000000 000000000000 0210 000000 5814 19000666 190110000000497 235511418198 00        10300009    000000 00 051 000000000000 000000000000 000000000000 1                                                                   
10300009    10300009    000068 0717183906 6292140006385569    000000320000 000000000000 000000000000 0210 000000 5411 19000056 190110000000051 711391806198 00 970262 10300009    000000 00 051 000000000000 000000000000 000000000000 1                                                                   
