10300009    10300009    000477 0802110144 6292140008303768    000000010000 000000000000 000000000000 0210 000000 5631 19000646 190110000000477 864011144214 00 988022 10300009    000000 00 051 000000000000 000000000000 000000000000 1                                                                   
10300009    10300009    001909 0802120743 6292140000477560    000132000000 000000000000 000000000000 0210 000000 5944 19000529 190110000000377 406071243214 00 891003 10300009    000000 00 051 000000000000 000000000000 000000000000 1                                                                   
10300009    10300009    000152 0802133514 6292140009425222    000001512000 000000000000 000000000000 0210 000000 5812 19000722 190110000000553 229351314214 00 584068 10300009    000000 00 051 000000000000 000000000000 000000000000 1                                                                   
10300009    10300009    000780 0802143427 6292140005213176    000003059000 000000000000 000000000000 0210 000000 5812 19000423 190110000000284 771341427214 00 778419 10300009    000000 00 051 000000000000 000000000000 000000000000 1                                                                   
10300009    10300009    000387 0802144350 6292140002806154    000002500000 000000000000 000000000000 0210 000000 5691 19000309 190110000000191 857431450214 00 578714 10300009    000000 00 051 000000000000 000000000000 000000000000 1                                                                   
10300009    10300009    001322 0802160402 9503120270031098    000004520000 000000000000 000000000000 0210 000000 5411 19000163 190110000000084 609041602214 00        10300009    000000 00 051 000000000000 000000000000 000000000000 1                                                                   
10300009    10300009    000022 0802162638 6292140008707950    000145000000 000000000000 000000000000 0210 000000 8062 19000431 190110000000290 815261638214 00 494511 10300009    000000 00 051 000000000000 000000000000 000000000000 1                                                                   
10300009    10300009    004055 0802174039 6292140004484141    000017800000 000000000000 000000000000 0210 000000 5944 19000454 190110000000307 539401739214 00 804156 10300009    000000 00 051 000000000000 000000000000 000000000000 1                                                                   
10300009    10300009    000826 0802175254 6292140006302705    000007475000 000000000000 000000000000 0210 000000 5812 19000635 190110000000466 681521754214 00 984757 10300009    000000 00 051 000000000000 000000000000 000000000000 1                                                                   
10300009    10300009    002772 0802191836 6292140001644614    000001232000 000000000000 000000000000 0210 000000 5812 19000371 190110000000243 465181936214 00 796432 10300009    000000 00 051 000000000000 000000000000 000000000000 1                                                                   
10300009    10300009    008148 0802192018 9503120410026545    000010970000 000000000000 000000000000 0210 000000 5812 19000369 190110000000241 478201918214 00        10300009    000000 00 051 000000000000 000000000000 000000000000 1                                                                   
