10300009    10300009    001557 0701101610 6292140001106978    000002650000 000000000000 000000000000 0210 000000 5944 19000631 190110000000462 442161010182 00 702556 10300009    000000 00 051 000000000000 000000000000 000000000000 1                                                                   
10300009    10300009    003141 0701103559 6292140009098631    000000060000 000000000000 000000000000 0210 000000 5411 19000144 190110000000083 795351059182 00 470373 10300009    000000 00 051 000000000000 000000000000 000000000000 1                                                                   
10300009    10300009    000216 0701114719 9503120100069045    000000709500 000000000000 000000000000 0210 000000 5812 19000649 190110000000480 870471119182 00        10300009    000000 00 051 000000000000 000000000000 000000000000 1                                                                      
10300009    10300009    000808 0701123804 9503120100091338    000000774000 000000000000 000000000000 0210 000000 5812 19000031 190110000000039 698381204182 00        10300009    000000 00 051 000000000000 000000000000 000000000000 1                                                                   
10300009    10300009    000913 0701124950 6292140004248090    000000050000 000000000000 000000000000 0210 000000 5411 19000138 190110000000083 823491250182 00 993010 10300009    000000 00 051 000000000000 000000000000 000000000000 1                                                                   
10300009    10300009    003149 0701131227 6292140003569520    000000120000 000000000000 000000000000 0210 000000 5411 19000144 190110000000083 151121327182 00 281890 10300009    000000 00 051 000000000000 000000000000 000000000000 1                                                                   
10300009    10300009    003151 0701131746 6292140004865604    000000090000 000000000000 000000000000 0210 000000 5411 19000144 190110000000083 246171346182 00 180297 10300009    000000 00 051 000000000000 000000000000 000000000000 1                                                                   
10300009    10300009    000455 0701132239 6292140002459210    000006119200 000000000000 000000000000 0210 000000 5812 19000473 190110000000326 369221339182 00 809356 10300009    000000 00 051 000000000000 000000000000 000000000000 1                                                                   
10300009    10300009    000028 0701141006 6292140007869975    000019218000 000000000000 000000000000 0210 000000 8062 19000652 190110000000483 190101406182 00 802086 10300009    000000 00 051 000000000000 000000000000 000000000000 1                                                                   
10300009    10300009    000083 0701142415 6292140002585915    000000000100 000000000000 000000000000 0210 000000 7298 19000354 190110000000221 477241415182 00 778516 10300009    000000 00 051 000000000000 000000000000 000000000000 1                                                                   
10300009    10300009    000853 0701145118 6292140004562318    000000155000 000000000000 000000000000 0210 000000 5411 19000139 190110000000083 948511418182 00 978975 10300009    000000 00 051 000000000000 000000000000 000000000000 1                                                                   
10300009    10300009    000921 0701151157 6292140007646456    000000070000 000000000000 000000000000 0210 000000 5411 19000138 190110000000083 308111557182 00 506766 10300009    000000 00 051 000000000000 000000000000 000000000000 1                                                                   
10300009    10300009    000069 0701160123 9503120100053213    000000130000 000000000000 000000000000 0210 000000 5812 19000018 190110000000031 169011623182 00        10300009    000000 00 051 000000000000 000000000000 000000000000 1                                                                   
10300009    10300009    003171 0701160533 6292140007434515    000000405000 000000000000 000000000000 0210 000000 5411 19000144 190110000000083 217051633182 00 282496 10300009    000000 00 051 000000000000 000000000000 000000000000 1                                                                   
10300009    10300009    000398 0701163138 6292140009136050    000132895000 000000000000 000000000000 0210 000000 5411 19000061 190110000000056 735311638182 00 400460 10300009    000000 00 051 000000000000 000000000000 000000000000 1                                                                   
10300009    10300009    000236 0701170313 9503120420009374    000000050000 000000000000 000000000000 0210 000000 5812 19000017 190110000000030 286031713182 00        10300009    000000 00 051 000000000000 000000000000 000000000000 1                                                                   
10300009    10300009    000387 0701172306 6292140002259487    000007990000 000000000000 000000000000 0210 000000 5944 19000453 190110000000306 708231706182 00 607709 10300009    000000 00 051 000000000000 000000000000 000000000000 1                                                                   
10300009    10300009    000027 0701182159 6292140002847430    000004156100 000000000000 000000000000 0210 000000 5812 19000718 190110000000549 204211859182 00 684661 10300009    000000 00 051 000000000000 000000000000 000000000000 1                                                                   
10300009    10300009    000535 0701182317 9503120080024812    000000690000 000000000000 000000000000 0210 000000 5411 19000155 190110000000083 239231817182 00        10300009    000000 00 051 000000000000 000000000000 000000000000 1                                                                   
